/u/makarov/i6-seq2seq/env/local/lib/python2.7/site-packages/h5py/__init__.py:36: FutureWarning: Conversion of the second argument of issubdtype from `float` to `np.floating` is deprecated. In future, it will be treated as `np.float64 == np.dtype(float).type`.
  from ._conv import register_converters as _register_converters
2018-03-22 16:32:56.281953: I tensorflow/core/kernels/logging_ops.cc:79] Targets: [[62 62 62 62 62 62 62 62][14 31 10 46 14 8 12 8][5 7 14 4 5 1 27 1][62 62 62 62 62 62 62 62][3 10 1 14 3 18 14 18][3 3 3 2 3 3 5 3][3 3 3 3 3 3 1 3][3 3 3 3 3 3 3 3][3 3 3 3 3 3 3 3][3 3 3 3 3 3 3 3][3 3 3 3 3 3 3 3][3 3 3 3 3 3 3 3][62 62 62 62]...]
2018-03-22 16:33:00.093996: I tensorflow/core/kernels/logging_ops.cc:79] Argmax: [[11 51 62 2 20 13 11 57][11 22 11 2 11 11 11 11][39 11 11 20 39 11 11 34][33 59 13 5 11 11 19 34][11 13 11 11 11 11 11 11][11 34 11 39 11 11 39 22][11 11 11 13 11 11 11 11][19 11 11 13 11 11 34 11][19 19 19 13 19 11 11 11][19 19 19 11 19 19 11 19][19 19 19 19 19 19 19 19][19 19 19 19 19 19 19 19][19 19 19 19]...]
2018-03-22 16:34:23.774807: I tensorflow/core/kernels/logging_ops.cc:79] Targets: [[62 62 62 62 62 62 62 62][15 13 24 2 12 3 0 24][1 4 1 7 1 3 4 7][62 62 62 62 62 62 62 62][3 14 2 24 3 3 5 9][3 10 3 14 3 3 3 5][3 3 3 18 3 3 3 1][3 3 3 7 3 3 3 2][3 3 3 18 3 3 3 3][3 3 3 9 3 3 3 3][3 3 3 4 3 3 3 3][3 3 3 5 3 3 3 3][62 62 62 62]...]
2018-03-22 16:34:28.090615: I tensorflow/core/kernels/logging_ops.cc:79] Argmax: [[62 3 62 3 62 62 3 62][3 3 3 3 3 3 3 62][3 3 3 3 3 3 3 62][3 3 3 3 3 3 3 3][3 3 3 3 3 3 3 3][3 3 3 3 3 3 3 3][3 3 3 3 3 3 3 3][3 3 3 3 3 3 3 3][3 3 3 3 3 3 3 3][3 3 3 3 3 3 3 3][3 3 3 3 3 3 3 3][3 3 3 3 3 3 3 3][3 3 3 3]...]
2018-03-22 16:35:43.943025: I tensorflow/core/kernels/logging_ops.cc:79] Targets: [[62 62 62 62 62 62 62 62][13 12 8 8 22 23 8 0][7 9 4 19 14 4 24 27][62 62 62 62 62 62 62 62][10 2 0 7 1 14 9 1][18 13 0 5 24 2 1 5][3 4 7 32 22 3 5 3][3 2 5 3 14 3 18 3][3 9 12 3 1 3 3 3][3 18 1 3 2 3 3 3][3 9 3 3 3 3 3 3][3 4 3 3 3 3 3 3][62 62 62 62]...]
2018-03-22 16:35:48.075608: I tensorflow/core/kernels/logging_ops.cc:79] Argmax: [[3 62 3 62 3 3 62 62][3 62 3 3 62 3 62 62][3 62 3 3 3 3 62 3][3 3 3 3 3 3 3 3][3 3 3 3 3 3 3 3][3 3 3 3 3 3 3 3][3 3 3 3 3 3 3 3][3 3 3 3 3 3 3 3][3 3 3 3 3 3 3 3][3 3 3 3 3 3 3 3][3 3 3 3 3 3 3 3][3 3 3 3 3 3 3 3][3 3 3 3]...]
2018-03-22 16:37:08.483842: I tensorflow/core/kernels/logging_ops.cc:79] Targets: [[62 62 62 62 62 62 62 62][21 13 8 18 8 15 13 12][7 10 4 10 1 1 24 3][62 62 62 62 62 62 62 62][0 9 0 3 18 3 14 0][9 1 0 2 3 3 2 7][24 3 7 3 3 3 3 10][9 3 5 3 3 3 3 8][7 3 12 3 3 3 3 19][24 3 1 3 3 3 3 1][1 3 3 3 3 3 3 2][3 3 3 3 3 3 3 3][62 62 62 62]...]
2018-03-22 16:37:12.678686: I tensorflow/core/kernels/logging_ops.cc:79] Argmax: [[62 62 3 62 62 62 62 62][62 3 3 3 62 3 62 3][62 3 62 62 62 62 3 3][62 3 62 62 62 62 62 3][62 3 62 62 62 62 3 3][62 62 62 3 62 62 62 62][62 62 62 62 62 62 62 62][62 62 62 62 62 62 62 62][62 62 62 62 62 62 62 62][62 62 62 62 62 62 62 62][62 62 62 62 62 62 62 62][62 62 62 62 62 62 62 62][62 62 62 62]...]
2018-03-22 16:38:34.852094: I tensorflow/core/kernels/logging_ops.cc:79] Targets: [[62 62 62 62 62 62 62 62][8 0 12 0 9 0 13 18][4 4 9 4 5 4 7 1][62 62 62 62 62 62 62 62][4 5 2 5 21 9 10 5][10 3 18 3 4 2 18 7][12 3 9 3 10 3 9 9][4 3 5 3 0 3 1 2][5 3 32 3 1 3 3 3][5 3 14 3 3 3 3 3][3 3 3 3 3 3 3 3][1 3 1 3 3 3 3 3][62 62 62 62]...]
2018-03-22 16:38:39.071377: I tensorflow/core/kernels/logging_ops.cc:79] Argmax: [[3 3 0 3 3 3 9 62][3 3 3 3 3 3 62 62][1 3 3 3 3 3 3 62][1 3 3 62 62 62 62 62][62 3 62 3 3 3 3 3][62 62 62 62 3 3 3 3][3 3 62 3 62 3 62 3][62 3 62 3 3 3 62 3][62 3 62 3 3 3 3 3][62 3 62 3 3 3 3 3][62 62 40 62 3 3 3 3][3 62 3 62 3 62 3 3][3 62 3 62]...]
2018-03-22 16:39:55.775432: I tensorflow/core/kernels/logging_ops.cc:79] Targets: [[62 62 62 62 62 62 62 62][21 29 13 30 23 0 4 11][7 14 10 4 1 7 6 4][62 62 62 62 62 62 62 62][9 9 4 14 14 3 18 5][10 18 12 23 9 3 1 2][1 1 14 1 24 3 5 9][3 3 9 7 24 3 9 1][3 3 18 14 1 3 10 14][3 3 3 3 20 3 3 10][3 3 3 3 3 3 3 3][3 3 3 3 3 3 3 3][62 62 62 62]...]
2018-03-22 16:39:59.927029: I tensorflow/core/kernels/logging_ops.cc:79] Argmax: [[62 62 62 3 3 3 3 3][3 62 62 3 3 3 62 3][3 62 62 3 3 3 62 3][3 1 62 3 3 3 62 3][3 3 3 3 3 3 3 3][3 3 3 3 3 3 3 3][3 3 3 3 3 3 3 3][3 3 3 3 3 3 3 3][3 3 3 3 3 3 3 3][3 3 3 3 3 3 3 3][3 3 3 3 3 3 3 3][3 3 3 3 3 3 3 3][3 3 3 3]...]
2018-03-22 16:41:21.423899: I tensorflow/core/kernels/logging_ops.cc:79] Targets: [[62 62 62 62 62 62 62 62][14 12 12 10 15 12 31 12][5 1 1 3 1 1 7 3][62 3 62 62 3 3 62 62][64 3 64 64 62 3 64 64][64 3 64 64 64 3 64 64][64 3 64 64 64 3 64 64][64 62 64 64 64 3 64 64][64 64 64 64 64 62 64 64][1 3 3 8 3 3 10 18][3 3 3 1 3 3 3 7][3 3 3 13 3 3 3 9][3 3 3 18]...]
2018-03-22 16:41:25.633130: I tensorflow/core/kernels/logging_ops.cc:79] Argmax: [[3 3 62 3 3 62 40 62][3 3 3 3 3 3 3 3][3 3 3 3 3 3 3 3][3 3 3 3 3 3 3 3][3 3 3 3 3 3 3 3][3 3 3 3 3 3 3 3][3 3 3 3 3 3 3 3][3 3 3 3 3 3 3 3][3 3 3 3 3 3 3 3][3 3 3 3 3 3 3 3][3 3 3 3 3 3 3 3][3 3 3 3 3 3 3 3][3 3 3 3]...]
2018-03-22 16:42:42.170208: I tensorflow/core/kernels/logging_ops.cc:79] Targets: [[62 62 62 62 62 62 62 62][14 11 12 0 2 46 31 10][5 4 1 4 9 4 7 1][62 62 62 62 62 62 62 62][1 5 3 5 18 14 10 8][3 2 3 3 14 2 3 1][3 9 3 3 3 3 3 23][3 1 3 3 1 3 3 4][3 14 3 3 3 3 3 9][3 10 3 3 3 3 3 10][3 3 3 3 3 3 3 3][3 3 3 3 3 3 3 3][62 62 62 62]...]
2018-03-22 16:42:46.343306: I tensorflow/core/kernels/logging_ops.cc:79] Argmax: [[62 3 62 14 62 14 3 62][62 62 3 3 3 3 3 62][62 62 3 3 3 3 3 62][3 62 3 3 3 3 3 62][3 3 3 3 3 3 3 3][3 3 3 3 3 3 3 3][3 3 3 3 3 3 3 3][3 3 3 3 3 3 3 3][3 3 3 3 3 3 3 3][3 3 3 3 3 3 3 3][3 3 3 3 3 3 3 3][3 3 3 3 3 3 3 3][3 3 3 3]...]
2018-03-22 16:44:03.856522: I tensorflow/core/kernels/logging_ops.cc:79] Targets: [[62 62 62 62 62 62 62 62][2 15 15 12 12 12 26 24][7 1 1 1 27 1 7 27][62 62 62 62 62 62 62 62][24 3 3 3 9 3 5 1][14 3 3 3 5 3 2 25][18 3 3 3 21 3 3 13][7 3 3 3 4 3 3 10][18 3 3 3 10 3 3 1][9 3 3 3 0 3 3 2][4 3 3 3 7 3 3 2][5 3 3 3 18 3 3 9][62 62 62 62]...]
2018-03-22 16:44:07.842764: I tensorflow/core/kernels/logging_ops.cc:79] Argmax: [[62 62 62 62 3 62 62 62][3 62 3 3 3 3 3 62][62 62 3 3 3 3 3 62][62 3 3 3 3 3 3 62][62 3 3 3 3 3 3 3][3 3 3 3 3 3 3 62][3 3 3 3 3 3 3 62][3 3 3 3 3 3 3 3][3 3 3 3 3 3 3 3][3 3 3 3 3 3 3 62][3 3 62 3 3 3 3 62][62 62 62 62 62 62 62 62][62 62 62 62]...]
